80
-478 775 -842 98 0 0 0
572 -842 705 90 0 0 0
367 -667 -348 50 0 0 0
-857 392 397 49 0 0 0
943 -378 -913 52 0 0 0
266 938 -234 26 0 0 0
509 608 831 85 0 0 0
-542 889 -864 59 0 0 0
824 -231 -913 33 0 0 0
815 546 -415 54 0 0 0
-558 962 -744 52 0 0 0
507 525 564 90 0 0 0
-738 725 270 67 0 0 0
-447 -499 836 52 0 0 0
-636 -391 255 82 0 0 0
-585 312 641 70 0 0 0
640 -755 -799 92 0 0 0
-320 457 -265 33 0 0 0
-896 -587 -814 47 0 0 0
-463 430 -261 88 0 0 0
-740 -209 -885 26 0 0 0
391 385 658 97 0 0 0
990 398 343 41 0 0 0
-331 -228 634 83 0 0 0
-717 271 486 22 0 0 0
379 -856 204 63 0 0 0
-201 392 547 71 0 0 0
-586 -281 -636 94 0 0 0
-270 357 334 34 0 0 0
539 296 -330 85 0 0 0
-471 -596 -765 32 0 0 0
959 570 418 33 0 0 0
-448 -756 631 58 0 0 0
692 942 -310 36 0 0 0
395 -907 703 74 0 0 0
-256 -676 -343 92 0 0 0
788 -929 -701 84 0 0 0
-752 -903 -901 52 0 0 0
656 -363 990 80 0 0 0
-606 562 453 54 0 0 0
-496 -491 -939 26 0 0 0
-419 -971 -821 73 0 0 0
343 -397 592 51 0 0 0
-548 598 -911 76 0 0 0
203 943 397 34 0 0 0
333 -408 -219 52 0 0 0
504 -848 391 98 0 0 0
414 344 896 71 0 0 0
761 428 612 64 0 0 0
-619 -539 -263 34 0 0 0
-370 523 -567 75 0 0 0
531 -796 -700 37 0 0 0
-442 643 737 93 0 0 0
944 588 400 67 0 0 0
-979 -834 606 83 0 0 0
976 461 -944 75 0 0 0
-226 -623 516 44 0 0 0
-870 -799 -656 89 0 0 0
-726 785 -587 37 0 0 0
-717 601 -362 52 0 0 0
514 -668 -302 90 0 0 0
-833 516 815 98 0 0 0
-823 997 290 91 0 0 0
-591 -546 619 95 0 0 0
-344 -228 462 79 0 0 0
227 737 492 47 0 0 0
-861 264 744 94 0 0 0
-449 -698 527 46 0 0 0
554 364 437 47 0 0 0
-549 765 -444 24 0 0 0
241 -313 -986 82 0 0 0
985 -872 554 86 0 0 0
475 -864 693 45 0 0 0
-441 685 821 26 0 0 0
359 -851 972 84 0 0 0
294 -911 -384 46 0 0 0
-304 646 895 84 0 0 0
582 -639 -855 79 0 0 0
626 940 392 36 0 0 0
408 -482 -229 56 0 0 0
